0050
0000
000002040000020400000000000000000000000000000000000000000000000000000000000000000000000000000000000000000000000000000204002030000
000002040000020400000000000000000000000000000000000000000000000000000000000000000000000000000000000000000000000000000204010002040
000002040000020400000000000000000000000000000000000000000000000000000000000000000000000000000000000000000000000000000204020002040
000002040000020400000000000000000000000000000000000000000000000000000000000000000000000000000000000000000000000000000204030002040
000002040000020400000000000000000000000000000000000000000000000000000000000000000000000000000000000000000000000000000204040002040
000002040000020400000000000000000000000000000000000000000000000000000000000000000000000000000000000000000000000000000204050002040
000002040000020400000000000000000000000000000000000000000000000000000000000000000000000000000000000000000000000000000204060002040
000002040000020400000000000000000000000000000000000000000000000000000000000000000000000000000000000000000000000000000204070002040
000002040000020400000000000000000000000000000000000000000000000000000000000000000000000000000000000000000000000000000204080002040
000002040000020400000000000000000000000000000000000000000000000000000000000000000000000000000000000000000000000000000204090002040
0000020400000204000000000000000000000000000000000000000000000000000000000000000000000000000000000000000000000000000002040a0002040
0000020400000204000000000000000000000000000000000000000000000000000000000000000000000000000000000000000000000000000002040b0002040
0000020400000204000000000000000000000000000000000000000000000000000000000000000000000000000000000000000000000000000002040c0002040
0000020400000204000000000000000000000000000000000000000000000000000000000000000000000000000000000000000000000000000002040d0002040
0000020400000204000000000000000000000000000000000000000000000000000000000000000000000000000000000000000000000000000002040e0002040
0000020400000204000000000000000000000000000000000000000000000000000000000000000000000000000000000000000000000000000002040f0002040
000002040000020400000000000000000000000000000000000000000000000000000000000000000000000000000000000000000000000000000204000002040
000002040000020400000000000000000000000000000000000000000000000000000000000000000000000000000000000000000000000000000204010002040
000002040000020400000000000000000000000000000000000000000000000000000000000000000000000000000000000000000000000000000204020002040
000002040000020400000000000000000000000000000000000000000000000000000000000000000000000000000000000000000000000000000204030002040
000002040000020400000000000000000000000000000000000000000000000000000000000000000000000000000000000000000000000000000204040002040
000002040000020400000000000000000000000000000000000000000000000000000000000000000000000000000000000000000000000000000204050002040
000002040000020400000000000000000000000000000000000000000000000000000000000000000000000000000000000000000000000000000204060002040
000002040000020400000000000000000000000000000000000000000000000000000000000000000000000000000000000000000000000000000204070002040
000002040000020400000000000000000000000000000000000000000000000000000000000000000000000000000000000000000000000000000204080002040
000002040000020400000000000000000000000000000000000000000000000000000000000000000000000000000000000000000000000000000204090002040
0000020400000204000000000000000000000000000000000000000000000000000000000000000000000000000000000000000000000000000002040a0002040
0000020400000204000000000000000000000000000000000000000000000000000000000000000000000000000000000000000000000000000002040b0002040
0000020400000204000000000000000000000000000000000000000000000000000000000000000000000000000000000000000000000000000002040c0002040
0000020400000204000000000000000000000000000000000000000000000000000000000000000000000000000000000000000000000000000002040d0002040
0000020400000204000000000000000000000000000000000000000000000000000000000000000000000000000000000000000000000000000002040e0002040
0000020400000204000000000000000000000000000000000000000000000000000000000000000000000000000000000000000000000000000002040f0002040
000002040000020400000000000000000000000000000000000000000000000000000000000000000000000000000000000000000000000000000204000002040
000002040000020400000000000000000000000000000000000000000000000000000000000000000000000000000000000000000000000000000204010002040
000002040000020400000000000000000000000000000000000000000000000000000000000000000000000000000000000000000000000000000204020002040
000002040000020400000000000000000000000000000000000000000000000000000000000000000000000000000000000000000000000000000204030002040
000002040000020400000000000000000000000000000000000000000000000000000000000000000000000000000000000000000000000000000204040002040
000002040000020400000000000000000000000000000000000000000000000000000000000000000000000000000000000000000000000000000204050002040
000002040000020400000000000000000000000000000000000000000000000000000000000000000000000000000000000000000000000000000204060002040
000002040000020400000000000000000000000000000000000000000000000000000000000000000000000000000000000000000000000000000204070002040
000002040000020400000000000000000000000000000000000000000000000000000000000000000000000000000000000000000000000000000204080002040
000002040000020400000000000000000000000000000000000000000000000000000000000000000000000000000000000000000000000000000204090002040
0000020400000204000000000000000000000000000000000000000000000000000000000000000000000000000000000000000000000000000002040a0002040
0000020400000204000000000000000000000000000000000000000000000000000000000000000000000000000000000000000000000000000002040b0002040
0000020400000204000000000000000000000000000000000000000000000000000000000000000000000000000000000000000000000000000002040c0002040
0000020400000204000000000000000000000000000000000000000000000000000000000000000000000000000000000000000000000000000002040d0002040
0000020400000204000000000000000000000000000000000000000000000000000000000000000000000000000000000000000000000000000002040e0002040
0000020400000204000000000000000000000000000000000000000000000000000000000000000000000000000000000000000000000000000002040a0002040
09A9921419A9921419A99214100000000000000000000000000000000000000000000000000000000000000000000000000000000000000000000000000000000
000002040000020400000000000000000000000000000000000000000000000000000000000000000000000000000000000000000000000000000204002030000
000002040000020400000000000000000000000000000000000000000000000000000000000000000000000000000000000000000000000000000204010002040
000002040000020400000000000000000000000000000000000000000000000000000000000000000000000000000000000000000000000000000204020002040
000002040000020400000000000000000000000000000000000000000000000000000000000000000000000000000000000000000000000000000204030002040
000002040000020400000000000000000000000000000000000000000000000000000000000000000000000000000000000000000000000000000204040002040
000002040000020400000000000000000000000000000000000000000000000000000000000000000000000000000000000000000000000000000204050002040
000002040000020400000000000000000000000000000000000000000000000000000000000000000000000000000000000000000000000000000204060002040
000002040000020400000000000000000000000000000000000000000000000000000000000000000000000000000000000000000000000000000204070002040
000002040000020400000000000000000000000000000000000000000000000000000000000000000000000000000000000000000000000000000204080002040
000002040000020400000000000000000000000000000000000000000000000000000000000000000000000000000000000000000000000000000204090002040
0000020400000204000000000000000000000000000000000000000000000000000000000000000000000000000000000000000000000000000002040a0002040
0000020400000204000000000000000000000000000000000000000000000000000000000000000000000000000000000000000000000000000002040b0002040
0000020400000204000000000000000000000000000000000000000000000000000000000000000000000000000000000000000000000000000002040c0002040
0000020400000204000000000000000000000000000000000000000000000000000000000000000000000000000000000000000000000000000002040d0002040
0000020400000204000000000000000000000000000000000000000000000000000000000000000000000000000000000000000000000000000002040e0002040
0000020400000204000000000000000000000000000000000000000000000000000000000000000000000000000000000000000000000000000002040f0002040
000002040000020400000000000000000000000000000000000000000000000000000000000000000000000000000000000000000000000000000204000002040
000002040000020400000000000000000000000000000000000000000000000000000000000000000000000000000000000000000000000000000204010002040
000002040000020400000000000000000000000000000000000000000000000000000000000000000000000000000000000000000000000000000204020002040
000002040000020400000000000000000000000000000000000000000000000000000000000000000000000000000000000000000000000000000204030002040
000002040000020400000000000000000000000000000000000000000000000000000000000000000000000000000000000000000000000000000204040002040
000002040000020400000000000000000000000000000000000000000000000000000000000000000000000000000000000000000000000000000204050002040
000002040000020400000000000000000000000000000000000000000000000000000000000000000000000000000000000000000000000000000204060002040
000002040000020400000000000000000000000000000000000000000000000000000000000000000000000000000000000000000000000000000204070002040
000002040000020400000000000000000000000000000000000000000000000000000000000000000000000000000000000000000000000000000204080002040
000002040000020400000000000000000000000000000000000000000000000000000000000000000000000000000000000000000000000000000204090002040
0000020400000204000000000000000000000000000000000000000000000000000000000000000000000000000000000000000000000000000002040a0002040
0000020400000204000000000000000000000000000000000000000000000000000000000000000000000000000000000000000000000000000002040b0002040
0000020400000204000000000000000000000000000000000000000000000000000000000000000000000000000000000000000000000000000002040c0002040
0000020400000204000000000000000000000000000000000000000000000000000000000000000000000000000000000000000000000000000002040d0002040
0000020400000204000000000000000000000000000000000000000000000000000000000000000000000000000000000000000000000000000002040e0002040
0000020400000204000000000000000000000000000000000000000000000000000000000000000000000000000000000000000000000000000002040f0002040
000002040000020400000000000000000000000000000000000000000000000000000000000000000000000000000000000000000000000000000204000002040
000002040000020400000000000000000000000000000000000000000000000000000000000000000000000000000000000000000000000000000204010002040
000002040000020400000000000000000000000000000000000000000000000000000000000000000000000000000000000000000000000000000204020002040
000002040000020400000000000000000000000000000000000000000000000000000000000000000000000000000000000000000000000000000204030002040
000002040000020400000000000000000000000000000000000000000000000000000000000000000000000000000000000000000000000000000204040002040
000002040000020400000000000000000000000000000000000000000000000000000000000000000000000000000000000000000000000000000204050002040
000002040000020400000000000000000000000000000000000000000000000000000000000000000000000000000000000000000000000000000204060002040
000002040000020400000000000000000000000000000000000000000000000000000000000000000000000000000000000000000000000000000204070002040
000002040000020400000000000000000000000000000000000000000000000000000000000000000000000000000000000000000000000000000204080002040
000002040000020400000000000000000000000000000000000000000000000000000000000000000000000000000000000000000000000000000204090002040
0000020400000204000000000000000000000000000000000000000000000000000000000000000000000000000000000000000000000000000002040a0002040
0000020400000204000000000000000000000000000000000000000000000000000000000000000000000000000000000000000000000000000002040b0002040
0000020400000204000000000000000000000000000000000000000000000000000000000000000000000000000000000000000000000000000002040c0002040
0000020400000204000000000000000000000000000000000000000000000000000000000000000000000000000000000000000000000000000002040d0002040
0000020400000204000000000000000000000000000000000000000000000000000000000000000000000000000000000000000000000000000002040e0002040
0000020400000204000000000000000000000000000000000000000000000000000000000000000000000000000000000000000000000000000002040a0002040
09A9921419A9921419A99214100000000000000000000000000000000000000000000000000000000000000000000000000000000000000000000000000000000
00000A040000020400000000000000000000000000000000000000000000000000000000000000000000000000000000000000000000000000000204032000000
09A9921419A9921419A99214100000000000000000000000000000000000000000000000000000000000000000000000000000000000000000000000000000000
09A9921419A9921419A9921410000000000000000000000000000000000000000000000000000000000000000000000000000000000000000000000009A992141
19A992141000020400000000000000000000000000000000000000000000000000000000000000000000000000000000000000000000000000000000000000000
0020
0000
000002040000020400000000000000000000000000000000000000000000000000000000000000000000000000000000000000000000000000000204033000000
00000A040000020400000000000000000000000000000000000000000000000000000000000000000000000000000000000000000000000000000204000002040
00000F040000020400000000000000000000000000000000000000000000000000000000000000000000000000000000000000000000000000000204000002040
100002041000020410000000000000000000000000000000000000000000000000000000000000000000000000000000000000000000000000000000000000000

